#original file /global/cfs/cdirs/desi/survey/catalogs/DA2/LSS/loa-v1/LSScats/v1.1/PIP/QSO_NGC_nz.txt
#zmid n(z)
8.100000000000000533e-01 2.752038180312924720e-05
8.300000000000000711e-01 2.770208718647768610e-05
8.500000000000000888e-01 2.771336249376785894e-05
8.700000000000001066e-01 2.853060625912694567e-05
8.900000000000000133e-01 2.974439440808709725e-05
9.100000000000000311e-01 3.036845207796525374e-05
9.300000000000000488e-01 3.115140900925860465e-05
9.500000000000000666e-01 3.121392024376384850e-05
9.699999999999999734e-01 3.094726427276007499e-05
9.899999999999999911e-01 3.071103106012900818e-05
1.010000000000000009e+00 3.071312051186120073e-05
1.030000000000000027e+00 3.146694785284125253e-05
1.050000000000000044e+00 3.243695885100515204e-05
1.070000000000000062e+00 3.210096229691575720e-05
1.090000000000000080e+00 3.283151047464613316e-05
1.110000000000000098e+00 3.230642427356592456e-05
1.130000000000000115e+00 3.384627865950837184e-05
1.150000000000000133e+00 3.499715169476586306e-05
1.170000000000000151e+00 3.512867432760030938e-05
1.190000000000000169e+00 3.558148306189602960e-05
1.209999999999999964e+00 3.551219655904866814e-05
1.229999999999999982e+00 3.575318104557288301e-05
1.250000000000000000e+00 3.637906923012981282e-05
1.270000000000000018e+00 3.599779375654355387e-05
1.290000000000000036e+00 3.702014633640049771e-05
1.310000000000000053e+00 3.653121996987486822e-05
1.330000000000000071e+00 3.529185660020748509e-05
1.350000000000000089e+00 3.599119185626295411e-05
1.370000000000000107e+00 3.572673675645957509e-05
1.389999999999999902e+00 3.492473154903571721e-05
1.409999999999999920e+00 3.628160903539212617e-05
1.429999999999999938e+00 3.746413232652660705e-05
1.449999999999999956e+00 3.643619283555435656e-05
1.469999999999999973e+00 3.629781146852480264e-05
1.489999999999999991e+00 3.634316982817334851e-05
1.510000000000000009e+00 3.627616897539757425e-05
1.530000000000000027e+00 3.623492096552441573e-05
1.550000000000000044e+00 3.658055341158740861e-05
1.570000000000000062e+00 3.665638196216372367e-05
1.590000000000000080e+00 3.522867775032933096e-05
1.610000000000000098e+00 3.423007812312374285e-05
1.630000000000000115e+00 3.455866196944866106e-05
1.650000000000000133e+00 3.537333284226819362e-05
1.670000000000000151e+00 3.540814647773539464e-05
1.690000000000000169e+00 3.462031125090019306e-05
1.710000000000000187e+00 3.433192143365215103e-05
1.730000000000000204e+00 3.240802458045030410e-05
1.750000000000000000e+00 3.461155266793191103e-05
1.770000000000000018e+00 3.297312180346901472e-05
1.790000000000000036e+00 3.275618577770152059e-05
1.810000000000000053e+00 3.189271288806039067e-05
1.830000000000000071e+00 3.234336607259243767e-05
1.850000000000000089e+00 3.149356181466935600e-05
1.870000000000000107e+00 3.077263487670491504e-05
1.890000000000000124e+00 3.024738173944037858e-05
1.910000000000000142e+00 3.023058715968104116e-05
1.930000000000000160e+00 2.942357302018943361e-05
1.950000000000000178e+00 2.977913934396257431e-05
1.969999999999999973e+00 2.729690525547812682e-05
1.989999999999999991e+00 2.730482064783944937e-05
2.009999999999999787e+00 2.720612969659062550e-05
2.030000000000000249e+00 2.590876237718078756e-05
2.049999999999999822e+00 2.654289031767405096e-05
2.070000000000000284e+00 2.574097204714142194e-05
2.089999999999999858e+00 2.504409857721735192e-05
2.110000000000000320e+00 2.521315994412249857e-05
2.129999999999999893e+00 2.446613966668348777e-05
2.150000000000000355e+00 2.362429003078436496e-05
2.169999999999999929e+00 2.301489350706040693e-05
2.190000000000000391e+00 2.249763608797756295e-05
2.209999999999999964e+00 2.223975866093143855e-05
2.229999999999999982e+00 2.140585189028504530e-05
2.250000000000000000e+00 2.192295872732397135e-05
2.270000000000000018e+00 2.084468470811820905e-05
2.290000000000000036e+00 2.042941770154062318e-05
2.310000000000000053e+00 2.017032415414682806e-05
2.330000000000000071e+00 1.891095300377985790e-05
2.350000000000000089e+00 1.823010509932323638e-05
2.370000000000000107e+00 1.869509596630721708e-05
2.390000000000000124e+00 1.848703164099151452e-05
2.410000000000000142e+00 1.730957086876580591e-05
2.430000000000000160e+00 1.705786940482957153e-05
2.450000000000000178e+00 1.645544136808236904e-05
2.469999999999999751e+00 1.566646702870002708e-05
2.490000000000000213e+00 1.537821405056212699e-05
2.509999999999999787e+00 1.493235432939723409e-05
2.530000000000000249e+00 1.483182224913332442e-05
2.549999999999999822e+00 1.410230571271859991e-05
2.570000000000000284e+00 1.308064056047632847e-05
2.589999999999999858e+00 1.230435552630771703e-05
2.610000000000000320e+00 1.206079029556767709e-05
2.629999999999999893e+00 1.210059841679151841e-05
2.650000000000000355e+00 1.165442634262697783e-05
2.669999999999999929e+00 1.130255313590286252e-05
2.690000000000000391e+00 1.053575926614918985e-05
2.709999999999999964e+00 1.015859250721440908e-05
2.729999999999999982e+00 9.838723475639742867e-06
2.750000000000000000e+00 1.007140407475434467e-05
2.770000000000000018e+00 9.822699968686279522e-06
2.790000000000000036e+00 9.472380694945103049e-06
2.810000000000000053e+00 9.021066036537632934e-06
2.830000000000000071e+00 9.068231641938652858e-06
2.850000000000000089e+00 8.809137548771021388e-06
2.870000000000000107e+00 8.566036958146177813e-06
2.890000000000000124e+00 8.349989741916556189e-06
2.910000000000000142e+00 7.914062881798329072e-06
2.930000000000000160e+00 7.590527947452677541e-06
2.950000000000000178e+00 7.225921253205228930e-06
2.970000000000000195e+00 6.989979210504800893e-06
2.990000000000000213e+00 6.867144275751449154e-06
3.010000000000000231e+00 6.318729816824437400e-06
3.030000000000000249e+00 6.161809639207698353e-06
3.050000000000000266e+00 6.147750911395910133e-06
3.070000000000000284e+00 5.906713472729827600e-06
3.090000000000000302e+00 5.416276406200032221e-06
3.110000000000000320e+00 5.184026853771356210e-06
3.129999999999999893e+00 4.963426828405825453e-06
3.149999999999999911e+00 4.683592342535186649e-06
3.169999999999999929e+00 4.758631053980464721e-06
3.189999999999999947e+00 4.389094890139427480e-06
3.209999999999999964e+00 4.315288023581053027e-06
3.229999999999999982e+00 4.146722246921410968e-06
3.250000000000000000e+00 4.004405057220312599e-06
3.270000000000000018e+00 3.633964385200447530e-06
3.290000000000000036e+00 3.465244544117580976e-06
3.310000000000000053e+00 3.368727796938128868e-06
3.330000000000000071e+00 3.240865410869564296e-06
3.350000000000000089e+00 2.953364305281777338e-06
3.370000000000000107e+00 3.105623342978307105e-06
3.390000000000000124e+00 2.637410314999842645e-06
3.410000000000000142e+00 2.431918842724879695e-06
3.430000000000000160e+00 2.329531036202605439e-06
3.450000000000000178e+00 2.002617287103091348e-06
3.470000000000000195e+00 1.788530620914294154e-06
3.490000000000000213e+00 1.609698110579319444e-06
