1.552650895573721209e+05 4.029417225810513173e+03 1.031455251879947718e+04 -4.695325583028523397e+03 -3.670420172467303814e+02 1.439256893123762779e+02 5.420044814720370141e+02 1.692375580124397061e+02 -1.975981204355605669e+01 -2.134764884796758224e+02 -3.236045724643423682e+01 1.517037568126692193e+01 -4.629647312642755708e+01 1.701828655633419629e+01 -1.212839581591805782e+01 1.019564560836522382e+01 1.980680112367818140e+02 3.879501305294691349e+01 1.965693780323437068e+01 -1.826755918576452586e+01 -1.642730281252236413e+00 3.298592076832970399e+00 -1.319608285597920760e+00 6.409230378175773124e-02 -2.294304570198401616e-01 9.024401447028861867e+01 1.494746965946176829e+02 1.855471013727262974e+00 3.588707642109940821e+01 -1.164992956650372768e+01 -9.441553490036705298e+00 -4.453340723350123764e-01 2.828679748283577489e+00 1.138527208304962901e+00 2.451479237475367445e-01
4.029417225810513173e+03 9.326366120624731411e+04 -2.688903910962245391e+03 -1.021952042424413321e+03 1.884898762415999727e+02 3.394284069643496764e+02 3.242739661281909491e+01 2.042949564680302785e+02 3.948884901012808513e+01 -9.216538585486476620e+01 8.320121730942116756e+01 4.277234895361581124e+01 1.073830580461398831e+01 1.112176333956396945e+01 9.431550914074618319e+00 6.406581052115127761e+01 1.621016854968096084e+02 -8.284828074939730724e-01 5.604365331019202756e+00 -8.953861701810233997e-01 -2.178347161671366994e+00 1.780653319816361879e+00 -1.614686427540300839e-01 3.312907603999592498e-01 2.195271982168125746e-01 -2.821947391110127228e+02 9.774210869408727831e+02 -3.276233256543179095e+01 2.456678777781542067e+01 -1.102832870704023804e+01 9.556571160130840070e+00 1.594684300570820668e+00 3.161188269254569860e+00 2.021529829299463898e+00 3.497761751416857412e-01
1.031455251879947718e+04 -2.688903910962245391e+03 7.161363319542426325e+03 -3.687716135488869327e+02 4.517802328049276070e+02 3.848983053419030020e-01 1.773595647675365816e+00 -1.870781494058011560e+02 -1.610164249263512204e+01 -4.444667158760311487e+00 1.409183598417386030e+01 5.299825859022782026e+00 -6.794489720777294295e+00 1.261399186754116053e-01 -6.278914800158448273e-01 3.522398091361426964e+01 1.846237971653546595e+01 6.164806710012337376e+00 4.065721353859140241e-01 -2.508501835603849539e+00 6.985249188223401351e-01 3.113967701924009734e-01 -5.200287889510450678e-02 5.710499515404166698e-02 1.925926984055417127e-03 3.431363821220337940e+01 2.221701328339235104e+01 4.809209373142250143e+01 1.016817714877830348e+01 4.141278205516853106e+00 -1.645664194559357973e+00 -1.540014551477928428e+00 1.121216307807334056e+00 7.808095688167981940e-02 -6.991517961083174026e-02
-4.695325583028523397e+03 -1.021952042424413321e+03 -3.687716135488869327e+02 5.119915876857484363e+03 -2.234001838756227301e+02 2.012424406243677595e+02 4.523658528240200383e+01 -3.564532813203813788e+01 8.818393025597546231e-01 2.260898410094576505e+01 8.354407132647070355e+00 5.186209368019230936e+00 5.338740770998461116e+00 -4.827682004805893712e+00 6.542147639621152422e+00 2.370936920518962054e+01 2.686499316222699107e+00 3.141364172183985559e+00 -3.388682086155765827e+00 1.288795939011480929e+00 1.328402813196451371e+00 -2.686293797279691864e-01 4.341262323902427001e-02 -1.329134197640415536e-02 1.004702776308464829e-01 1.647687326079287402e+02 3.241279333040527888e+01 4.571965425021122087e+01 8.371786876447670167e+00 -1.230526301636995362e-01 3.016658500445757340e+00 8.033346260263162231e-01 2.080468310304245116e-01 7.408781276136737481e-02 -6.863596234141042252e-02
-3.670420172467303814e+02 1.884898762415999727e+02 4.517802328049276070e+02 -2.234001838756227301e+02 1.331125521132110180e+03 -3.849788833922059439e+01 3.788327369738980366e+01 -1.728415374157212980e+01 1.453325527550209806e+01 5.378649435078272312e+00 3.603226971402272660e+00 -1.277376774883059563e+00 4.621898811334466117e-01 1.398446846834031199e+00 -1.393057160478928802e-01 4.111625896667739255e+01 8.184883579240002760e+00 -2.144629057467918987e+00 -5.015414126038529874e-01 1.184513409889747182e+00 5.341434218574284826e-02 3.064037712681313627e-02 -4.687694187780481331e-02 5.046880732720537138e-03 2.109499409590824201e-02 7.392583156632709063e+01 2.037711747904007353e+01 3.506288038763200721e+00 -3.074067489668565883e-02 1.693130009716417028e+00 7.989217258825659362e-01 -1.441932359570806399e-01 -9.797676898647987576e-02 1.859158154914185568e-01 1.731428640789314452e-02
1.439256893123762779e+02 3.394284069643496764e+02 3.848983053419030020e-01 2.012424406243677595e+02 -3.849788833922059439e+01 6.516519788502573647e+02 6.287088378281808332e+01 -9.168332985815940361e+00 5.411870960495056337e+00 1.042541273058833085e+01 2.307457404481700447e+00 -2.370024576002050409e+00 5.250609919643230983e-01 2.490315959652626976e-01 -4.787945476084899676e-02 2.289854869947142291e+01 4.241341631708063886e+00 4.681672396321107321e+00 7.256441725353386385e-01 3.623459597864406301e-02 2.861380356363832367e-01 2.291532139265589282e-02 3.892274189089001829e-02 6.570026070153157233e-03 1.438422614565840023e-02 -8.425724647336025441e+00 1.173152375390057855e+01 -1.398627727011866329e+00 6.554840021960194107e+00 2.063056921680451461e-01 1.333976034650838915e+00 1.822409190122508404e-01 6.050221137631574264e-03 7.096063667984349801e-03 6.647665675012779697e-03
5.420044814720370141e+02 3.242739661281909491e+01 1.773595647675365816e+00 4.523658528240200383e+01 3.788327369738980366e+01 6.287088378281808332e+01 1.766559826178095705e+02 1.051020382535093667e+01 -1.885393605840802178e-01 -5.004354465995684009e+00 7.755822192775700952e-01 -1.873399924957060980e-01 -1.534774937569490794e+00 -3.575845745481105731e-02 9.985382358788462420e-02 1.133004531325412650e-01 7.045180813088702365e+00 6.103007868790174539e-01 2.122124059351148673e-01 1.065934652849178516e-01 -7.153573649531413947e-02 7.986793860354916841e-02 -1.469600427478208807e-02 -4.498424333596316368e-03 9.224524034100591713e-03 6.238014566302807040e+00 -7.783621871511377854e+00 -5.114809800903176162e-01 8.766607640063472928e-01 1.376093119458990044e+00 4.311522483170217024e-01 3.479814746144440502e-02 3.744227335717453115e-02 3.465261658255121280e-02 2.122076992127665263e-02
1.692375580124397061e+02 2.042949564680302785e+02 -1.870781494058011560e+02 -3.564532813203813788e+01 -1.728415374157212980e+01 -9.168332985815940361e+00 1.051020382535093667e+01 7.985539870026674691e+01 6.750551694019181426e+00 -2.182875391638996909e+00 -2.111088982980104944e-01 2.251065738138322003e-01 4.027940050455640630e-01 -4.025713778773613583e-01 6.466420258925220654e-02 -4.736528922807125674e+00 4.225275686174405076e-01 9.335020206342000693e-01 8.747380676133567068e-01 8.059009098909378221e-02 4.550610745186790818e-02 4.201795908663526202e-02 4.429087298772439035e-02 1.665743502301000184e-03 2.127814628591017353e-03 7.188933995890515405e+00 -2.087143786450273097e+00 -4.263362855010004004e+00 4.512174594319654508e-01 2.795242433962151773e-01 1.518417143088979238e-01 8.122516315093120109e-02 3.985718776929240287e-02 -3.092061572154226889e-03 -2.367728821703051455e-03
-1.975981204355605669e+01 3.948884901012808513e+01 -1.610164249263512204e+01 8.818393025597546231e-01 1.453325527550209806e+01 5.411870960495056337e+00 -1.885393605840802178e-01 6.750551694019181426e+00 2.913596653502893119e+01 2.476040608096208295e+00 2.034464502493867677e+00 -9.477837340784148745e-01 -5.290943427551196843e-01 4.186946395618612593e-01 1.567623612914125220e-01 5.913180279809547857e-01 2.255496075534855760e-01 6.218231571659815771e-02 5.480674214815426382e-01 3.277230695886642065e-01 7.246039440806359422e-02 3.860145322983787874e-02 2.664653906332214300e-02 7.564240889804484287e-03 2.086297834814949351e-03 -5.096532204178883418e+00 -3.240381894671272800e+00 4.585161720553009301e-01 -1.522608414906398699e-01 2.531972998461646390e-02 2.679176145346546800e-01 1.680872896110972570e-01 5.168206422524212335e-02 2.424937950302257991e-02 -3.622880144912381337e-03
-2.134764884796758224e+02 -9.216538585486476620e+01 -4.444667158760311487e+00 2.260898410094576505e+01 5.378649435078272312e+00 1.042541273058833085e+01 -5.004354465995684009e+00 -2.182875391638996909e+00 2.476040608096208295e+00 1.194142693329984084e+01 6.628656609901689700e-01 -9.984321205650805720e-01 1.687010556138904549e-01 9.051165661979390653e-02 1.746264403027669165e-01 3.490234128021561411e+00 -1.546153044730238957e+00 3.534148974054748815e-01 1.077221947221815856e-01 2.249569695457624696e-01 1.499548339413358244e-01 -3.358787324812922276e-02 1.458035194912897514e-02 1.096118028570860830e-03 4.349072631817427204e-03 4.750002644309951449e+00 -5.588052234851125455e+00 -2.788658577967998431e-01 6.478801194375949368e-01 1.021513931504507006e-01 3.081750219909026520e-02 8.418119557018588495e-02 -9.027366553766829477e-03 1.846683951362909290e-02 1.408700695923183373e-03
-3.236045724643423682e+01 8.320121730942116756e+01 1.409183598417386030e+01 8.354407132647070355e+00 3.603226971402272660e+00 2.307457404481700447e+00 7.755822192775700952e-01 -2.111088982980104944e-01 2.034464502493867677e+00 6.628656609901689700e-01 5.648412179608690131e+00 5.805097178113453049e-01 -1.626924745079431911e-01 2.268810774965419885e-02 1.021655111162972085e-01 -3.892040462788215471e-01 7.958352081010249268e-01 -2.937187149596563462e-01 -2.818766095663630556e-03 -2.718667950997299618e-02 7.208761956012681160e-02 3.802298040537509249e-02 9.793553543178399809e-03 4.835509118204942350e-03 1.264859090543480171e-03 -3.403565103175544060e+00 7.082400586906273388e-01 3.482391484621325528e-01 1.681531255640105957e-02 -2.145130789912765290e-01 -5.362690864219517989e-02 -3.200473735750887418e-03 2.802178604138121781e-02 1.709943161053285735e-03 2.868083127988109698e-03
1.517037568126692193e+01 4.277234895361581124e+01 5.299825859022782026e+00 5.186209368019230936e+00 -1.277376774883059563e+00 -2.370024576002050409e+00 -1.873399924957060980e-01 2.251065738138322003e-01 -9.477837340784148745e-01 -9.984321205650805720e-01 5.805097178113453049e-01 1.980743484183929537e+00 3.425983391292624497e-02 -8.184663058122339241e-02 4.129247381028694486e-02 -5.500907569580661960e-01 -6.740457885564627750e-03 3.869138004550828208e-02 -4.709369082435610476e-02 -3.690852907643124570e-02 1.014252515209274107e-03 3.427804488366512775e-02 8.207768445366183220e-04 7.860597549891200266e-04 4.700123319981173780e-04 -1.675410736664756595e+00 1.197395843464072129e+00 1.983329686711503836e-01 -1.063991251381862374e-01 -3.696599480985900826e-02 -1.991458294916151339e-02 -3.722564373437951130e-02 5.221054669593307163e-03 1.210921937131806056e-02 1.735875240038124798e-03
-4.629647312642755708e+01 1.073830580461398831e+01 -6.794489720777294295e+00 5.338740770998461116e+00 4.621898811334466117e-01 5.250609919643230983e-01 -1.534774937569490794e+00 4.027940050455640630e-01 -5.290943427551196843e-01 1.687010556138904549e-01 -1.626924745079431911e-01 3.425983391292624497e-02 8.958226808615635806e-01 -2.538486658685888686e-02 5.330238750322236624e-02 -3.302787277079508588e-01 2.937346117363958675e-01 4.830960124012184664e-02 6.921204918741738488e-02 -6.206147088916297468e-03 -8.557095579951544059e-03 -1.825465855500917577e-03 6.957514841912070154e-03 1.848543768775703054e-03 1.689847425065428132e-03 3.545944764497862556e-01 1.183282422546886981e+00 -3.259573821557693041e-01 8.340899221781641892e-02 -2.606566379241955986e-02 -1.843150531646389756e-02 -1.079380466926285840e-03 -1.843941150807006102e-02 3.856802476057874865e-03 1.749005643610515668e-03
1.701828655633419629e+01 1.112176333956396945e+01 1.261399186754116053e-01 -4.827682004805893712e+00 1.398446846834031199e+00 2.490315959652626976e-01 -3.575845745481105731e-02 -4.025713778773613583e-01 4.186946395618612593e-01 9.051165661979390653e-02 2.268810774965419885e-02 -8.184663058122339241e-02 -2.538486658685888686e-02 3.369790037320361531e-01 1.506342587077075940e-02 8.838006807954304489e-02 -1.319970215947972592e-01 -2.661571674921466707e-02 5.245946583980509031e-02 9.207526885209251985e-03 -4.424135815294399747e-03 2.984558540689056898e-03 -1.918060806569478602e-03 2.077077992282202676e-03 1.286578738423258114e-03 5.240054866393812905e-01 -2.282154626805653341e-01 -3.050137532622344480e-02 6.500010860272345536e-02 3.757464880551728004e-02 1.368734449943774870e-02 1.563554890798763558e-02 8.039245119084279965e-04 -2.897803815588680370e-03 6.983300583017841264e-04
-1.212839581591805782e+01 9.431550914074618319e+00 -6.278914800158448273e-01 6.542147639621152422e+00 -1.393057160478928802e-01 -4.787945476084899676e-02 9.985382358788462420e-02 6.466420258925220654e-02 1.567623612914125220e-01 1.746264403027669165e-01 1.021655111162972085e-01 4.129247381028694486e-02 5.330238750322236624e-02 1.506342587077075940e-02 2.193901726838276833e-01 5.104249625022604792e-02 6.900700969313407207e-02 5.548294974282407671e-02 2.805370980242638101e-04 3.334543220483513100e-03 4.712356828461249265e-03 3.927261712682842028e-04 9.845286218004326798e-04 2.400928185242856409e-04 1.678490304501495780e-03 2.478008383115112012e-01 4.078923091624356290e-01 9.370959818678820108e-02 -2.451926947410693058e-02 -9.988777990003538249e-03 8.193912699562027474e-03 8.066469030765245976e-03 1.849023755432052294e-04 8.797827415614106533e-04 -2.182516170105943450e-03
1.019564560836522382e+01 6.406581052115127761e+01 3.522398091361426964e+01 2.370936920518962054e+01 4.111625896667739255e+01 2.289854869947142291e+01 1.133004531325412650e-01 -4.736528922807125674e+00 5.913180279809547857e-01 3.490234128021561411e+00 -3.892040462788215471e-01 -5.500907569580661960e-01 -3.302787277079508588e-01 8.838006807954304489e-02 5.104249625022604792e-02 1.593389402439735392e+01 -7.630238819662054084e-01 8.892757745326552998e-02 -2.427321292208931558e-01 5.019862136275642789e-02 3.382191699670685642e-02 -2.376793464029781575e-02 -7.814134208156502809e-03 2.338647310390005920e-03 3.202823089717951859e-03 2.624954991539516058e+00 -3.986713729790546612e+00 3.782034904676916942e-01 5.647835129550172160e-03 2.787049664215950073e-02 7.020218008343345750e-02 -4.014807945716343356e-03 -1.039578592635862116e-02 1.214406619268105017e-02 -2.570144629254200296e-03
1.980680112367818140e+02 1.621016854968096084e+02 1.846237971653546595e+01 2.686499316222699107e+00 8.184883579240002760e+00 4.241341631708063886e+00 7.045180813088702365e+00 4.225275686174405076e-01 2.255496075534855760e-01 -1.546153044730238957e+00 7.958352081010249268e-01 -6.740457885564627750e-03 2.937346117363958675e-01 -1.319970215947972592e-01 6.900700969313407207e-02 -7.630238819662054084e-01 6.055836902654529119e+00 2.728290425922799134e-01 1.359689609889319362e-01 -8.819676303317797172e-02 -2.287563555662809611e-02 9.183779688113307207e-03 3.158764762943625046e-03 -2.367994266745887207e-04 9.458148846065331065e-04 4.665697760689833662e-01 8.536529531510025137e+00 2.054517833278050876e-02 -1.221555152039997122e-01 -2.110248473251708778e-01 -1.022262172840627675e-01 1.654876128556741557e-02 -4.482359647034374860e-03 1.315523153096238461e-03 -1.843125975400978665e-03
3.879501305294691349e+01 -8.284828074939730724e-01 6.164806710012337376e+00 3.141364172183985559e+00 -2.144629057467918987e+00 4.681672396321107321e+00 6.103007868790174539e-01 9.335020206342000693e-01 6.218231571659815771e-02 3.534148974054748815e-01 -2.937187149596563462e-01 3.869138004550828208e-02 4.830960124012184664e-02 -2.661571674921466707e-02 5.548294974282407671e-02 8.892757745326552998e-02 2.728290425922799134e-01 8.363275349772816281e-01 2.972505170382029951e-03 -4.180125553430343033e-03 -7.093719250503531179e-03 3.025213739547304593e-03 2.442746087876035855e-03 -1.176597008861809219e-03 6.009032665365612305e-04 5.201646320194477369e-01 4.085972013666552272e-01 -5.792176176547367272e-02 1.962753573884900085e-02 -4.626667059158259127e-02 7.195739124997695829e-04 1.264563630902623172e-02 2.250598074774639960e-03 -2.028596558714278967e-03 -2.376996567190655372e-04
1.965693780323437068e+01 5.604365331019202756e+00 4.065721353859140241e-01 -3.388682086155765827e+00 -5.015414126038529874e-01 7.256441725353386385e-01 2.122124059351148673e-01 8.747380676133567068e-01 5.480674214815426382e-01 1.077221947221815856e-01 -2.818766095663630556e-03 -4.709369082435610476e-02 6.921204918741738488e-02 5.245946583980509031e-02 2.805370980242638101e-04 -2.427321292208931558e-01 1.359689609889319362e-01 2.972505170382029951e-03 1.901350681565953105e-01 6.094624618731639583e-03 -4.675630104593037203e-04 2.851593281176377677e-03 1.730217399936958157e-03 2.765343741416333026e-04 1.169861520303826214e-04 -2.096242208867869494e-01 1.761209184439379016e-01 -6.519583172479545552e-02 2.192280148507272930e-01 -2.092492626652502508e-03 -4.424627975755775211e-03 5.348847120117410266e-03 1.925955740828759911e-03 -1.006111013518495422e-03 -3.267266695281293375e-04
-1.826755918576452586e+01 -8.953861701810233997e-01 -2.508501835603849539e+00 1.288795939011480929e+00 1.184513409889747182e+00 3.623459597864406301e-02 1.065934652849178516e-01 8.059009098909378221e-02 3.277230695886642065e-01 2.249569695457624696e-01 -2.718667950997299618e-02 -3.690852907643124570e-02 -6.206147088916297468e-03 9.207526885209251985e-03 3.334543220483513100e-03 5.019862136275642789e-02 -8.819676303317797172e-02 -4.180125553430343033e-03 6.094624618731639583e-03 4.415199422072733221e-02 9.050886881322179472e-04 5.023336056231522033e-04 -3.840489520191626743e-04 2.859924707731322104e-05 2.877484628771388503e-04 3.097214788047372158e-01 -2.112280239027161666e-01 -7.379001707652620146e-02 1.898907581908117204e-02 4.253397117811851674e-02 8.397384602601202369e-03 2.582095438359707004e-03 -1.191955823136161196e-03 1.681139696159105466e-04 -5.507126611086327582e-04
-1.642730281252236413e+00 -2.178347161671366994e+00 6.985249188223401351e-01 1.328402813196451371e+00 5.341434218574284826e-02 2.861380356363832367e-01 -7.153573649531413947e-02 4.550610745186790818e-02 7.246039440806359422e-02 1.499548339413358244e-01 7.208761956012681160e-02 1.014252515209274107e-03 -8.557095579951544059e-03 -4.424135815294399747e-03 4.712356828461249265e-03 3.382191699670685642e-02 -2.287563555662809611e-02 -7.093719250503531179e-03 -4.675630104593037203e-04 9.050886881322179472e-04 1.089270141444447122e-02 -3.661328590962732569e-04 3.396182151294426074e-04 -9.155819282864863766e-06 3.579648974781995626e-05 -2.388901274008114941e-03 -9.544719079247701576e-02 3.855924703880037746e-02 1.145836455065225336e-02 -6.380578113851962177e-03 4.742828049506552651e-03 7.091498087704716652e-04 2.066461329412297475e-04 -7.703407773914850072e-05 4.395081584037256500e-06
3.298592076832970399e+00 1.780653319816361879e+00 3.113967701924009734e-01 -2.686293797279691864e-01 3.064037712681313627e-02 2.291532139265589282e-02 7.986793860354916841e-02 4.201795908663526202e-02 3.860145322983787874e-02 -3.358787324812922276e-02 3.802298040537509249e-02 3.427804488366512775e-02 -1.825465855500917577e-03 2.984558540689056898e-03 3.927261712682842028e-04 -2.376793464029781575e-02 9.183779688113307207e-03 3.025213739547304593e-03 2.851593281176377677e-03 5.023336056231522033e-04 -3.661328590962732569e-04 2.391689142023510368e-03 -5.908796918662553187e-05 3.303181891028325590e-05 3.677201978787350054e-06 -3.068893675414494093e-02 1.117832923103944179e-02 -1.617805029400721161e-04 4.845543567932081470e-03 -2.132522103528050367e-04 -7.805494890369258200e-04 -8.326504038692880477e-04 4.169525688374665527e-05 1.414448949401806474e-04 2.836084577841664136e-06
-1.319608285597920760e+00 -1.614686427540300839e-01 -5.200287889510450678e-02 4.341262323902427001e-02 -4.687694187780481331e-02 3.892274189089001829e-02 -1.469600427478208807e-02 4.429087298772439035e-02 2.664653906332214300e-02 1.458035194912897514e-02 9.793553543178399809e-03 8.207768445366183220e-04 6.957514841912070154e-03 -1.918060806569478602e-03 9.845286218004326798e-04 -7.814134208156502809e-03 3.158764762943625046e-03 2.442746087876035855e-03 1.730217399936958157e-03 -3.840489520191626743e-04 3.396182151294426074e-04 -5.908796918662553187e-05 5.826745839283224010e-04 -2.753475388029222529e-05 3.119316035942986294e-06 1.636201194593318864e-02 -2.510990894010622313e-03 5.332052129249151631e-03 1.464125470546713938e-03 -2.470279406585892696e-03 -4.207150380609984172e-04 1.080677092636848056e-04 1.276775672912797653e-05 -3.773321608570584659e-05 -8.082293326143741568e-05
6.409230378175773124e-02 3.312907603999592498e-01 5.710499515404166698e-02 -1.329134197640415536e-02 5.046880732720537138e-03 6.570026070153157233e-03 -4.498424333596316368e-03 1.665743502301000184e-03 7.564240889804484287e-03 1.096118028570860830e-03 4.835509118204942350e-03 7.860597549891200266e-04 1.848543768775703054e-03 2.077077992282202676e-03 2.400928185242856409e-04 2.338647310390005920e-03 -2.367994266745887207e-04 -1.176597008861809219e-03 2.765343741416333026e-04 2.859924707731322104e-05 -9.155819282864863766e-06 3.303181891028325590e-05 -2.753475388029222529e-05 1.108004275396170954e-04 5.490174391338910938e-06 -2.782471186253236261e-03 1.528911707108819617e-03 -2.584060186421067822e-03 7.221252977820380708e-04 6.925979393385693671e-04 -1.470498793693821360e-05 4.784865978494046791e-05 3.237150799704557809e-05 4.510691052740515346e-05 -1.061465862693858687e-05
-2.294304570198401616e-01 2.195271982168125746e-01 1.925926984055417127e-03 1.004702776308464829e-01 2.109499409590824201e-02 1.438422614565840023e-02 9.224524034100591713e-03 2.127814628591017353e-03 2.086297834814949351e-03 4.349072631817427204e-03 1.264859090543480171e-03 4.700123319981173780e-04 1.689847425065428132e-03 1.286578738423258114e-03 1.678490304501495780e-03 3.202823089717951859e-03 9.458148846065331065e-04 6.009032665365612305e-04 1.169861520303826214e-04 2.877484628771388503e-04 3.579648974781995626e-05 3.677201978787350054e-06 3.119316035942986294e-06 5.490174391338910938e-06 3.862554387761250603e-05 7.898379124471093665e-03 1.828636235539845894e-03 1.550037275403580569e-04 6.202428717532685459e-04 4.689561440062380601e-04 1.933778796519680762e-04 1.448782769434498938e-04 -1.909795978194994793e-05 1.216748855222833631e-05 -5.370883052277810331e-06
9.024401447028861867e+01 -2.821947391110127228e+02 3.431363821220337940e+01 1.647687326079287402e+02 7.392583156632709063e+01 -8.425724647336025441e+00 6.238014566302807040e+00 7.188933995890515405e+00 -5.096532204178883418e+00 4.750002644309951449e+00 -3.403565103175544060e+00 -1.675410736664756595e+00 3.545944764497862556e-01 5.240054866393812905e-01 2.478008383115112012e-01 2.624954991539516058e+00 4.665697760689833662e-01 5.201646320194477369e-01 -2.096242208867869494e-01 3.097214788047372158e-01 -2.388901274008114941e-03 -3.068893675414494093e-02 1.636201194593318864e-02 -2.782471186253236261e-03 7.898379124471093665e-03 9.279352190139742618e+01 2.649726374193487999e+00 3.489382011030929487e+00 -1.741182705195236102e-01 7.997537463621721132e-01 6.169487142131472451e-02 1.028993303671885129e-01 -1.978830730268227832e-03 -1.523304297555761258e-02 -1.078480402300774701e-02
1.494746965946176829e+02 9.774210869408727831e+02 2.221701328339235104e+01 3.241279333040527888e+01 2.037711747904007353e+01 1.173152375390057855e+01 -7.783621871511377854e+00 -2.087143786450273097e+00 -3.240381894671272800e+00 -5.588052234851125455e+00 7.082400586906273388e-01 1.197395843464072129e+00 1.183282422546886981e+00 -2.282154626805653341e-01 4.078923091624356290e-01 -3.986713729790546612e+00 8.536529531510025137e+00 4.085972013666552272e-01 1.761209184439379016e-01 -2.112280239027161666e-01 -9.544719079247701576e-02 1.117832923103944179e-02 -2.510990894010622313e-03 1.528911707108819617e-03 1.828636235539845894e-03 2.649726374193487999e+00 5.504600860602337775e+01 2.087052668041005532e+00 -8.114155316956883635e-02 -2.477620169690645524e-01 -1.981668640714084884e-01 2.644623077924821569e-03 3.560288525906412510e-02 2.943240963005485863e-02 2.288817469988880561e-03
1.855471013727262974e+00 -3.276233256543179095e+01 4.809209373142250143e+01 4.571965425021122087e+01 3.506288038763200721e+00 -1.398627727011866329e+00 -5.114809800903176162e-01 -4.263362855010004004e+00 4.585161720553009301e-01 -2.788658577967998431e-01 3.482391484621325528e-01 1.983329686711503836e-01 -3.259573821557693041e-01 -3.050137532622344480e-02 9.370959818678820108e-02 3.782034904676916942e-01 2.054517833278050876e-02 -5.792176176547367272e-02 -6.519583172479545552e-02 -7.379001707652620146e-02 3.855924703880037746e-02 -1.617805029400721161e-04 5.332052129249151631e-03 -2.584060186421067822e-03 1.550037275403580569e-04 3.489382011030929487e+00 2.087052668041005532e+00 6.029806206959387183e+00 2.072697833374572973e-01 -6.355080288931012900e-02 1.205848694388284535e-02 6.178568615809528104e-04 1.320887896061931355e-02 -2.047641996690261791e-03 -2.940068192225342089e-03
3.588707642109940821e+01 2.456678777781542067e+01 1.016817714877830348e+01 8.371786876447670167e+00 -3.074067489668565883e-02 6.554840021960194107e+00 8.766607640063472928e-01 4.512174594319654508e-01 -1.522608414906398699e-01 6.478801194375949368e-01 1.681531255640105957e-02 -1.063991251381862374e-01 8.340899221781641892e-02 6.500010860272345536e-02 -2.451926947410693058e-02 5.647835129550172160e-03 -1.221555152039997122e-01 1.962753573884900085e-02 2.192280148507272930e-01 1.898907581908117204e-02 1.145836455065225336e-02 4.845543567932081470e-03 1.464125470546713938e-03 7.221252977820380708e-04 6.202428717532685459e-04 -1.741182705195236102e-01 -8.114155316956883635e-02 2.072697833374572973e-01 1.152583539394445022e+00 2.481555235691645586e-02 -1.704558438049368421e-02 1.268376091282319255e-03 -5.284970841854736909e-03 3.433304079150907052e-03 1.612708091765126120e-04
-1.164992956650372768e+01 -1.102832870704023804e+01 4.141278205516853106e+00 -1.230526301636995362e-01 1.693130009716417028e+00 2.063056921680451461e-01 1.376093119458990044e+00 2.795242433962151773e-01 2.531972998461646390e-02 1.021513931504507006e-01 -2.145130789912765290e-01 -3.696599480985900826e-02 -2.606566379241955986e-02 3.757464880551728004e-02 -9.988777990003538249e-03 2.787049664215950073e-02 -2.110248473251708778e-01 -4.626667059158259127e-02 -2.092492626652502508e-03 4.253397117811851674e-02 -6.380578113851962177e-03 -2.132522103528050367e-04 -2.470279406585892696e-03 6.925979393385693671e-04 4.689561440062380601e-04 7.997537463621721132e-01 -2.477620169690645524e-01 -6.355080288931012900e-02 2.481555235691645586e-02 2.967785380988046118e-01 2.916642136046721304e-03 2.909350082260264789e-03 7.533424076571037641e-04 6.260921105148103787e-04 -3.657507592019377260e-04
-9.441553490036705298e+00 9.556571160130840070e+00 -1.645664194559357973e+00 3.016658500445757340e+00 7.989217258825659362e-01 1.333976034650838915e+00 4.311522483170217024e-01 1.518417143088979238e-01 2.679176145346546800e-01 3.081750219909026520e-02 -5.362690864219517989e-02 -1.991458294916151339e-02 -1.843150531646389756e-02 1.368734449943774870e-02 8.193912699562027474e-03 7.020218008343345750e-02 -1.022262172840627675e-01 7.195739124997695829e-04 -4.424627975755775211e-03 8.397384602601202369e-03 4.742828049506552651e-03 -7.805494890369258200e-04 -4.207150380609984172e-04 -1.470498793693821360e-05 1.933778796519680762e-04 6.169487142131472451e-02 -1.981668640714084884e-01 1.205848694388284535e-02 -1.704558438049368421e-02 2.916642136046721304e-03 5.249665079110989174e-02 1.840507177883708972e-03 2.547026544551680202e-03 3.363198581367416958e-04 -8.979306847552743912e-05
-4.453340723350123764e-01 1.594684300570820668e+00 -1.540014551477928428e+00 8.033346260263162231e-01 -1.441932359570806399e-01 1.822409190122508404e-01 3.479814746144440502e-02 8.122516315093120109e-02 1.680872896110972570e-01 8.418119557018588495e-02 -3.200473735750887418e-03 -3.722564373437951130e-02 -1.079380466926285840e-03 1.563554890798763558e-02 8.066469030765245976e-03 -4.014807945716343356e-03 1.654876128556741557e-02 1.264563630902623172e-02 5.348847120117410266e-03 2.582095438359707004e-03 7.091498087704716652e-04 -8.326504038692880477e-04 1.080677092636848056e-04 4.784865978494046791e-05 1.448782769434498938e-04 1.028993303671885129e-01 2.644623077924821569e-03 6.178568615809528104e-04 1.268376091282319255e-03 2.909350082260264789e-03 1.840507177883708972e-03 1.152755293899146265e-02 2.069416390277554715e-04 -1.624378203831145808e-04 1.124872159495146338e-05
2.828679748283577489e+00 3.161188269254569860e+00 1.121216307807334056e+00 2.080468310304245116e-01 -9.797676898647987576e-02 6.050221137631574264e-03 3.744227335717453115e-02 3.985718776929240287e-02 5.168206422524212335e-02 -9.027366553766829477e-03 2.802178604138121781e-02 5.221054669593307163e-03 -1.843941150807006102e-02 8.039245119084279965e-04 1.849023755432052294e-04 -1.039578592635862116e-02 -4.482359647034374860e-03 2.250598074774639960e-03 1.925955740828759911e-03 -1.191955823136161196e-03 2.066461329412297475e-04 4.169525688374665527e-05 1.276775672912797653e-05 3.237150799704557809e-05 -1.909795978194994793e-05 -1.978830730268227832e-03 3.560288525906412510e-02 1.320887896061931355e-02 -5.284970841854736909e-03 7.533424076571037641e-04 2.547026544551680202e-03 2.069416390277554715e-04 3.199145011617627460e-03 9.234746133847550721e-05 -1.613365725952969912e-05
1.138527208304962901e+00 2.021529829299463898e+00 7.808095688167981940e-02 7.408781276136737481e-02 1.859158154914185568e-01 7.096063667984349801e-03 3.465261658255121280e-02 -3.092061572154226889e-03 2.424937950302257991e-02 1.846683951362909290e-02 1.709943161053285735e-03 1.210921937131806056e-02 3.856802476057874865e-03 -2.897803815588680370e-03 8.797827415614106533e-04 1.214406619268105017e-02 1.315523153096238461e-03 -2.028596558714278967e-03 -1.006111013518495422e-03 1.681139696159105466e-04 -7.703407773914850072e-05 1.414448949401806474e-04 -3.773321608570584659e-05 4.510691052740515346e-05 1.216748855222833631e-05 -1.523304297555761258e-02 2.943240963005485863e-02 -2.047641996690261791e-03 3.433304079150907052e-03 6.260921105148103787e-04 3.363198581367416958e-04 -1.624378203831145808e-04 9.234746133847550721e-05 8.354430387074745666e-04 5.098644595608232028e-05
2.451479237475367445e-01 3.497761751416857412e-01 -6.991517961083174026e-02 -6.863596234141042252e-02 1.731428640789314452e-02 6.647665675012779697e-03 2.122076992127665263e-02 -2.367728821703051455e-03 -3.622880144912381337e-03 1.408700695923183373e-03 2.868083127988109698e-03 1.735875240038124798e-03 1.749005643610515668e-03 6.983300583017841264e-04 -2.182516170105943450e-03 -2.570144629254200296e-03 -1.843125975400978665e-03 -2.376996567190655372e-04 -3.267266695281293375e-04 -5.507126611086327582e-04 4.395081584037256500e-06 2.836084577841664136e-06 -8.082293326143741568e-05 -1.061465862693858687e-05 -5.370883052277810331e-06 -1.078480402300774701e-02 2.288817469988880561e-03 -2.940068192225342089e-03 1.612708091765126120e-04 -3.657507592019377260e-04 -8.979306847552743912e-05 1.124872159495146338e-05 -1.613365725952969912e-05 5.098644595608232028e-05 1.889680465199423552e-04
